1481483
1476126
1471713
1471684
1470975
1466941
1464554
1521218
1521114
1495645
1493976
1493768
1493441
1493338
1485959
1485312
1485215
1485160
1484852
1484829
1484568
1484298
1484287
1483803
1483317
1483170
1482785
1482724
1482707
1482553
1482508
1481974
1481922
1481420
1480700
1480535
1480133
1479963
1479952
1479740
1478980
1478937
1478024
1477323
1477076
1477050
1477047
1477014
1476872
1476856
1476770
1476658
1476631
1476483
1476437
1476200
1475561
1475357
1475253
1475244
1475054
1475021
1474516
1474515
1473706
1473420
1473316
1472426
1472365
1472190
1472150
1471646
1471442
1471310
1471309
1471308
1471244
1471134
1471124
1471022
1470969
1470845
1470735
1470732
1470729
1470440
1470393
1470387
1470261
1470232
1470195
1470038
1470018
1469911
1469897
1469702
1469634
1469387
1469291
1469110
1468984
1468904
1468897
1468725
1468657
1468649
1468642
1468559
1468383
1468141
1468128
1468021
1467874
1467840
1467753
1467704
1467663
1467219
1467216
1467011
1466961
1466932
1466923
1466689
1466620
1466517
1466325
1466261
1466237
1465883
1465573
1465464
1465343
1465327
1465244
1465016
1464940
1464918
1464887
1464878
1464707
1464674
1464276
1464265
1464263
1464241
1464001
1463966
1463933
1463887
1463885
1463879
1463818
1463817
1463784
1463769
1463177
1463069
1463056
1463043
1463025
1463019
1463016
1463006
1462954
1462880
1462854
1462853
1462852
1462801
1462791
1462771
1462750
1462728
1462721
1462680
1462672
1462602
1462567
1462484
1462479
1462363
1462360
1461956
1461896
1461877
1461827
1461769
1461294
1461235
1461226
1461192
1460856
1460709
1460553
1460502
1460424
1460387
1460351
1460347
1459772
1459447
1459334
1459162
1459122
1458940
1458583
1458548
1458543
1458536
1458445
1458373
1458372
1457082
1462173
